pose: 
  position: 
    x: 0.185399785638
    y: 0.0972453132272
    z: 0.200135484338
  orientation: 
    x: 0.0503755137324
    y: 0.0344247557223
    z: 0.024880066514
    w: 0.997826755047
